"abu","acum_busd","acum_busd_val","acum_val_bu","acum_val_sd","acum_val","avg_val_bu","avg_val_sd","rbusd","asd","auk","bs","bu","bu-sd","bu-sd_val","c","date","datetime","h","l","o","pbu","psd","puk","rbu","rsd","ruk","sb","sd","sum_vol","total_vol","uk","val","val_bu","val_sd","val_uk"
14219.8,39900,496615600,508749600,12134000,525663600,299232850.8,401660479.4,4.8,19330.2,2951.6,11,43900,39900,496615600,24.2,"2023-01-13T09:00:00.000Z",1673600400000,24.2,23.9,23.9,91.3,8.3,0.4,3.1,0.2,0.1,0.1,4000,48100,48100,200,525663600,508749600,12134000,4780000
14219.8,-82300,-2333684400,957009600,3290694000,4252483600,299232850.8,401660479.4,27.6,19330.2,2951.6,0.1,18500,-122200,-2830300000,24,"2023-01-13T09:02:00.000Z",1673600520000,24.3,24,24.2,11.6,88.4,0,1.3,7.3,,7.6,140700,159200,207300,,3726820000,448260000,3278560000,
14219.8,-58800,-1766134400,1864369600,3630504000,5499653600,299232850.8,401660479.4,5.5,19330.2,2951.6,2.7,37600,23500,567550000,24.1,"2023-01-13T09:04:00.000Z",1673600640000,24.2,24.1,24.1,72.7,27.3,0,2.6,0.7,,0.4,14100,51700,259000,,1247170000,907360000,339810000,
14219.8,-29400,-1057594400,2575319600,3632914000,6213013600,299232850.8,401660479.4,6.9,19330.2,2951.6,295,29500,29400,708540000,24.1,"2023-01-13T09:06:00.000Z",1673600760000,24.1,24.1,24.1,99.7,0.3,0,2.1,0,,0,100,29600,288600,,713360000,710950000,2410000,
14219.8,-20500,-554192400,3079009600,3633202000,6716991600,299232850.8,401660479.4,4.9,19330.2,2951.6,1.7,20900,8900,503402000,24.1,"2023-01-13T09:08:00.000Z",1673600880000,24.1,24,24.1,63.5,36.5,0,1.5,0.6,,0.6,12000,32900,321500,,503978000,503690000,288000,
14219.8,-500,-71282400,3561919600,3633202000,7199901600,299232850.8,401660479.4,4.7,19330.2,2951.6,Infinity,20000,20000,482910000,24.2,"2023-01-13T09:10:00.000Z",1673601000000,24.2,24.1,24.1,100,0,0,1.4,,,0,,20000,341500,,482910000,482910000,,
14219.8,-6700,-220682400,3812579600,4033262000,7850621600,299232850.8,401660479.4,1.5,19330.2,2951.6,0.6,10400,-6200,-149400000,24.1,"2023-01-13T09:12:00.000Z",1673601120000,24.2,24.1,24.2,38.5,61.5,0,0.7,0.9,,1.6,16600,27000,368500,,650720000,250660000,400060000,
14219.8,15100,304697600,4337959600,4033262000,8376001600,299232850.8,401660479.4,5.1,19330.2,2951.6,Infinity,21800,21800,525380000,24.1,"2023-01-13T09:14:00.000Z",1673601240000,24.1,24.1,24.1,100,0,0,1.5,,,0,,21800,390300,,525380000,525380000,,
14219.8,47900,1097427600,5152379600,4054952000,9212111600,299232850.8,401660479.4,7.7,19330.2,2951.6,37.4,33700,32800,792730000,24.2,"2023-01-13T09:16:00.000Z",1673601360000,24.2,24.1,24.1,97.4,2.6,0,2.4,0,,0,900,34600,424900,,836110000,814420000,21690000,
14219.8,22300,481137600,5367539600,4886402000,10258721600,299232850.8,401660479.4,6,19330.2,2951.6,0.3,8900,-25600,-616290000,24.2,"2023-01-13T09:18:00.000Z",1673601480000,24.2,24.1,24.1,20.5,79.5,0,0.6,1.8,,3.9,34500,43400,468300,,1046610000,215160000,831450000,
14219.8,49800,1143907600,6801509600,5657602000,12463891600,299232850.8,401660479.4,6.5,19330.2,2951.6,1.9,59500,27500,662770000,24.1,"2023-01-13T09:20:00.000Z",1673601600000,24.2,24.1,24.2,65,35,0,4.2,1.7,,0.5,32000,91500,559800,,2205170000,1433970000,771200000,
14219.8,51500,1360632400,7018409600,5657777200,12680966800,299232850.8,401660479.4,2.1,19330.2,2951.6,1.2,9000,1700,216724800,24,"2023-01-13T09:22:00.000Z",1673601720000,24.1,24,24.1,55.2,44.8,0,0.6,0.4,,0.8,7300,16300,576100,,217075200,216900000,175200,
14219.8,7700,1364396400,7023311200,5658914800,12687006000,299232850.8,401660479.4,0,19330.2,2951.6,0.1,3600,-43800,3764000,24,"2023-01-13T09:24:00.000Z",1673601840000,24.1,24,24,7.1,92.9,0,0.3,2.5,,13.2,47400,51000,627100,,6039200,4901600,1137600,
14219.8,37200,1365104400,7024019200,5658914800,12687714000,299232850.8,401660479.4,0,19330.2,2951.6,Infinity,29500,29500,708000,24,"2023-01-13T09:26:00.000Z",1673601960000,24,24,24,100,0,0,2.1,,,0,,29500,656600,,708000,708000,,
14219.8,58000,1368011200,7027149200,5659138000,12691067200,299232850.8,401660479.4,0,19330.2,2951.6,3.2,30100,20800,2906800,24.1,"2023-01-13T09:28:00.000Z",1673602080000,24.1,24,24,76.4,23.6,0,2.1,0.5,,0.3,9300,39400,696000,,3353200,3130000,223200,
14219.8,19500,1607847200,7268149200,5660302000,12933231200,299232850.8,401660479.4,2.3,19330.2,2951.6,0.2,10000,-38500,239836000,24.1,"2023-01-13T09:30:00.000Z",1673602200000,24.1,24,24,17.1,82.9,0,0.7,2.5,,4.9,48500,58500,754500,,242164000,241000000,1164000,
14219.8,28600,1608085600,7270789600,5662704000,12938273600,299232850.8,401660479.4,0,19330.2,2951.6,16.2,9700,9100,238400,24,"2023-01-13T09:32:00.000Z",1673602320000,24.1,23.9,24,94.2,5.8,0,0.7,0,,0.1,600,10300,764800,,5042400,2640400,2402000,
14219.8,32900,1610596400,7273557200,5662960800,12941298000,299232850.8,401660479.4,0,19330.2,2951.6,1.4,15000,4300,2510800,24,"2023-01-13T09:34:00.000Z",1673602440000,24.1,24,24,58.4,41.6,0,1.1,0.6,,0.7,10700,25700,790500,,3024400,2767600,256800,
14219.8,15600,1631849600,7295247200,5663397600,12963424800,299232850.8,401660479.4,0.2,19330.2,2951.6,0,900,-17300,21253200,24.1,"2023-01-13T09:36:00.000Z",1673602560000,24.1,24,24,4.7,95.3,0,0.1,0.9,,20.2,18200,19100,809600,,22126800,21690000,436800,
14219.8,6400,1756824000,7420567200,5663743200,13089090400,299232850.8,401660479.4,1.2,19330.2,2951.6,0.4,5200,-9200,124974400,24,"2023-01-13T09:38:00.000Z",1673602680000,24.1,24,24.1,26.5,73.5,0,0.4,0.7,,2.8,14400,19600,829200,,125665600,125320000,345600,
14219.8,4600,1764003600,7427797200,5663793600,13096370800,299232850.8,401660479.4,0.1,19330.2,2951.6,0.1,300,-1800,7179600,24.1,"2023-01-13T09:40:00.000Z",1673602800000,24.1,24,24,12.5,87.5,0,0,0.1,,7,2100,2400,831600,,7280400,7230000,50400,
14219.8,-114500,1799666800,7466357200,5666690400,13137827600,299232850.8,401660479.4,0.3,19330.2,2951.6,0,1600,-119100,35663200,24,"2023-01-13T09:42:00.000Z",1673602920000,24.1,24,24,1.3,98.7,0,0.1,6.2,,75.4,120700,122300,953900,,41456800,38560000,2896800,
14219.8,-101000,1792828000,7466688400,5673860400,13145328800,299232850.8,401660479.4,0.1,19330.2,2951.6,46,13800,13500,-6838800,24,"2023-01-13T09:44:00.000Z",1673603040000,24,23.9,24,97.9,2.1,0,1,0,,0,300,14100,968000,,7501200,331200,7170000,
14219.8,-98800,1792880800,7466741200,5673860400,13145381600,299232850.8,401660479.4,0,19330.2,2951.6,Infinity,2200,2200,52800,24,"2023-01-13T09:46:00.000Z",1673603160000,24,24,24,100,0,0,0.2,,,0,,2200,970200,,52800,52800,,
14219.8,-108000,1539574400,7466774800,5927200400,13398755200,299232850.8,401660479.4,2.5,19330.2,2951.6,0.1,1400,-9200,-253306400,23.9,"2023-01-13T09:48:00.000Z",1673603280000,24,23.9,24,11.7,88.3,0,0.1,0.5,,7.6,10600,12000,982200,,253373600,33600,253340000,
14219.8,-124800,1126116400,7466786800,6340670400,13812237200,299232850.8,401660479.4,4,19330.2,2951.6,0,500,-16800,-413458000,23.9,"2023-01-13T09:50:00.000Z",1673603400000,24,23.9,24,2.8,97.2,0,0,0.9,,34.6,17300,17800,1000000,,413482000,12000,413470000,
14219.8,-55200,1010794400,7468574800,6457780400,13931135200,299232850.8,401660479.4,1.1,19330.2,2951.6,15.2,74500,69600,-115322000,24,"2023-01-13T09:52:00.000Z",1673603520000,24,23.9,23.9,93.8,6.2,0,5.2,0.3,,0.1,4900,79400,1079400,,118898000,1788000,117110000,
14219.8,-72000,583010800,7468601200,6885590400,14358971600,299232850.8,401660479.4,4.2,19330.2,2951.6,0.1,1100,-16800,-427783600,23.9,"2023-01-13T09:54:00.000Z",1673603640000,24,23.9,23.9,5.8,94.2,0,0.1,0.9,,16.3,17900,19000,1098400,,427836400,26400,427810000,
14219.8,33700,2967184800,10171835200,7204650400,17381265600,299232850.8,401660479.4,23.3,19330.2,2951.6,8.9,119100,105700,2384174000,23.9,"2023-01-13T09:56:00.000Z",1673603760000,24,23.8,23.9,89.9,10.1,0,8.4,0.7,,0.1,13400,132500,1230900,,3022294000,2703234000,319060000,
14219.8,19500,2630314800,10432345200,7802030400,18239155600,299232850.8,401660479.4,3.3,19330.2,2951.6,0.4,10900,-14200,-336870000,23.9,"2023-01-13T09:58:00.000Z",1673603880000,23.9,23.8,23.9,30.3,69.7,0,0.8,1.3,,2.3,25100,36000,1266900,,857890000,260510000,597380000,
14219.8,3500,2253044800,11276015200,9022970400,20303765600,299232850.8,401660479.4,3.7,19330.2,2951.6,0.7,35300,-16000,-377270000,23.8,"2023-01-13T10:00:00.000Z",1673604000000,23.9,23.8,23.9,40.8,59.2,0,2.5,2.7,,1.5,51300,86600,1353500,,2064610000,843670000,1220940000,
14219.8,-4900,2053854800,11450485200,9396630400,20851895600,299232850.8,401660479.4,1.9,19330.2,2951.6,0.5,7300,-8400,-199190000,23.8,"2023-01-13T10:02:00.000Z",1673604120000,23.9,23.8,23.8,31.7,68.3,0,0.5,0.8,,2.2,15700,23000,1376500,,548130000,174470000,373660000,
14219.8,5400,2300474800,11804205200,9503730400,21312715600,299232850.8,401660479.4,2.4,19330.2,2951.6,3.3,14800,10300,246620000,23.9,"2023-01-13T10:04:00.000Z",1673604240000,23.9,23.8,23.8,76.7,23.3,0,1,0.2,,0.3,4500,19300,1395800,,460820000,353720000,107100000,
14219.8,16900,2575554800,12134025200,9558470400,21697275600,299232850.8,401660479.4,2.7,19330.2,2951.6,6,13800,11500,275080000,23.9,"2023-01-13T10:06:00.000Z",1673604360000,23.9,23.8,23.8,85.7,14.3,0,1,0.1,,0.2,2300,16100,1411900,,384560000,329820000,54740000,
14219.8,21200,2678324800,12236795200,9558470400,21800045600,299232850.8,401660479.4,1,19330.2,2951.6,Infinity,4300,4300,102770000,23.9,"2023-01-13T10:08:00.000Z",1673604480000,23.9,23.9,23.9,100,0,0,0.3,,,0,,4300,1416200,,102770000,102770000,,
14219.8,-95200,-91675200,12313275200,12404950400,24723005600,299232850.8,401660479.4,27,19330.2,2951.6,0,3200,-116400,-2770000000,23.8,"2023-01-13T10:10:00.000Z",1673604600000,23.9,23.8,23.9,2.6,97.4,0,0.2,6.2,,37.4,119600,122800,1539000,,2922960000,76480000,2846480000,
14219.8,-61800,703244800,13293835200,12590590400,25889205600,299232850.8,401660479.4,7.8,19330.2,2951.6,5.3,41200,33400,794920000,23.8,"2023-01-13T10:12:00.000Z",1673604720000,23.8,23.8,23.8,84.1,15.9,0,2.9,0.4,,0.2,7800,49000,1588000,,1166200000,980560000,185640000,
14219.8,-59600,755604800,13346195200,12590590400,25941565600,299232850.8,401660479.4,0.5,19330.2,2951.6,Infinity,2200,2200,52360000,23.8,"2023-01-13T10:14:00.000Z",1673604840000,23.8,23.8,23.8,100,0,0,0.2,,,0,,2200,1590200,,52360000,52360000,,
14219.8,-52200,931824800,13546115200,12614290400,26165185600,299232850.8,401660479.4,1.7,19330.2,2951.6,8.4,8400,7400,176220000,23.8,"2023-01-13T10:16:00.000Z",1673604960000,23.8,23.7,23.8,89.4,10.6,0,0.6,0.1,,0.1,1000,9400,1599600,,223620000,199920000,23700000,
14219.8,51200,3392964800,16028675200,12635710400,28669165600,299232850.8,401660479.4,24,19330.2,2951.6,115.9,104300,103400,2461140000,23.9,"2023-01-13T10:18:00.000Z",1673605080000,23.9,23.8,23.8,99.1,0.9,0,7.3,0,,0,900,105200,1704800,,2503980000,2482560000,21420000,
14219.8,55400,3493834800,16246165200,12752330400,29003275600,299232850.8,401660479.4,1,19330.2,2951.6,1.9,9100,4200,100870000,23.8,"2023-01-13T10:20:00.000Z",1673605200000,23.9,23.8,23.9,65,35,0,0.6,0.3,,0.5,4900,14000,1718800,,334110000,217490000,116620000,
14219.8,59300,3587074800,16346545200,12759470400,29110795600,299232850.8,401660479.4,0.9,19330.2,2951.6,14,4200,3900,93240000,23.9,"2023-01-13T10:22:00.000Z",1673605320000,23.9,23.8,23.8,93.3,6.7,0,0.3,0,,0.1,300,4500,1723300,,107520000,100380000,7140000,
14219.8,62600,3666364800,16525795200,12859430400,29390005600,299232850.8,401660479.4,0.8,19330.2,2951.6,1.8,7500,3300,79290000,23.8,"2023-01-13T10:24:00.000Z",1673605440000,23.9,23.8,23.9,64.1,35.9,0,0.5,0.2,,0.6,4200,11700,1735000,,279210000,179250000,99960000,
14219.8,65100,3726134800,16590325200,12864190400,29459295600,299232850.8,401660479.4,0.6,19330.2,2951.6,13.5,2700,2500,59770000,23.9,"2023-01-13T10:26:00.000Z",1673605560000,23.9,23.8,23.8,93.1,6.9,0,0.2,0,,0.1,200,2900,1737900,,69290000,64530000,4760000,
14219.8,85300,4208914800,17073105200,12864190400,29942075600,299232850.8,401660479.4,4.7,19330.2,2951.6,Infinity,20200,20200,482780000,23.9,"2023-01-13T10:28:00.000Z",1673605680000,23.9,23.9,23.9,100,0,0,1.4,,,0,,20200,1758100,,482780000,482780000,,
14219.8,116800,4961964800,17873755200,12911790400,30790325600,299232850.8,401660479.4,7.4,19330.2,2951.6,16.8,33500,31500,753050000,23.9,"2023-01-13T10:30:00.000Z",1673605800000,23.9,23.8,23.9,94.4,5.6,0,2.4,0.1,,0.1,2000,35500,1793600,,848250000,800650000,47600000,
14219.8,140200,5521224800,18433015200,12911790400,31349585600,299232850.8,401660479.4,5.5,19330.2,2951.6,Infinity,23400,23400,559260000,23.9,"2023-01-13T10:32:00.000Z",1673605920000,23.9,23.9,23.9,100,0,0,1.6,,,0,,23400,1817000,,559260000,559260000,,
14219.8,226900,7593354800,20505145200,12911790400,33421715600,299232850.8,401660479.4,20.2,19330.2,2951.6,Infinity,86700,86700,2072130000,23.9,"2023-01-13T10:34:00.000Z",1673606040000,23.9,23.9,23.9,100,0,0,6.1,,,0,,86700,1903700,,2072130000,2072130000,,
14219.8,220900,7447567200,20964027600,13516460400,34485268000,299232850.8,401660479.4,1.4,19330.2,2951.6,0.8,19300,-6000,-145787600,24,"2023-01-13T10:36:00.000Z",1673606160000,24,23.9,23.9,43.3,56.7,0,1.4,1.3,,1.3,25300,44600,1948300,,1063552400,458882400,604670000,
14219.8,221500,7447581600,20964042000,13516460400,34485282400,299232850.8,401660479.4,0,19330.2,2951.6,Infinity,600,600,14400,24,"2023-01-13T10:38:00.000Z",1673606280000,24,24,24,100,0,0,0,,,0,,600,1948900,,14400,14400,,
14219.8,217500,7347206400,20964046800,13616840400,34585667200,299232850.8,401660479.4,1,19330.2,2951.6,0,200,-4000,-100375200,23.9,"2023-01-13T10:40:00.000Z",1673606400000,24,23.9,24,4.5,95.5,0,0,0.2,,21,4200,4400,1953300,,100384800,4800,100380000,
14219.8,238300,7841938800,21506579200,13664640400,35175999600,299232850.8,401660479.4,4.8,19330.2,2951.6,11.4,22800,20800,494732400,23.9,"2023-01-13T10:42:00.000Z",1673606520000,24,23.9,24,91.9,8.1,0,1.6,0.1,,0.1,2000,24800,1978100,,590332400,542532400,47800000,
14219.8,252900,8191178800,21927219200,13736040400,35668039600,299232850.8,401660479.4,3.4,19330.2,2951.6,5.9,17600,14600,349240000,23.9,"2023-01-13T10:44:00.000Z",1673606640000,23.9,23.8,23.9,85.4,14.6,0,1.2,0.2,,0.2,3000,20600,1998700,,492040000,420640000,71400000,
14219.8,256000,8265288800,22006089200,13740800400,35751669600,299232850.8,401660479.4,0.7,19330.2,2951.6,16.5,3300,3100,74110000,23.9,"2023-01-13T10:46:00.000Z",1673606760000,23.9,23.8,23.9,94.3,5.7,0,0.2,0,,0.1,200,3500,2002200,,83630000,78870000,4760000,
14219.8,59900,3618228800,22284669200,18666440400,40955889600,299232850.8,401660479.4,45.4,19330.2,2951.6,0.1,11700,-196100,-4647060000,23.8,"2023-01-13T10:48:00.000Z",1673606880000,23.9,23.7,23.7,5.3,94.7,0,0.8,10.8,,17.8,207800,219500,2221700,,5204220000,278580000,4925640000,
14219.8,55800,3520648800,22441749200,18921100400,41367629600,299232850.8,401660479.4,1,19330.2,2951.6,0.6,6600,-4100,-97580000,23.8,"2023-01-13T10:50:00.000Z",1673607000000,23.8,23.8,23.8,38.2,61.8,0,0.5,0.6,,1.6,10700,17300,2239000,,411740000,157080000,254660000,
14219.8,55000,3501628800,22446529200,18944900400,41396209600,299232850.8,401660479.4,0.2,19330.2,2951.6,0.2,200,-800,-19020000,23.9,"2023-01-13T10:52:00.000Z",1673607120000,23.9,23.8,23.8,16.7,83.3,0,0,0.1,,5,1000,1200,2240200,,28580000,4780000,23800000,
14219.8,48300,3342198800,22453699200,19111500400,41569979600,299232850.8,401660479.4,1.6,19330.2,2951.6,0,300,-6700,-159430000,23.9,"2023-01-13T10:54:00.000Z",1673607240000,23.9,23.8,23.9,4.1,95.9,0,0,0.4,,23.3,7000,7300,2247500,,173770000,7170000,166600000,
14219.8,48300,3342218800,22458479200,19116260400,41579519600,299232850.8,401660479.4,0,19330.2,2951.6,1,200,0,20000,23.9,"2023-01-13T10:56:00.000Z",1673607360000,23.9,23.8,23.9,50,50,0,0,0,,1,200,400,2247900,,9540000,4780000,4760000,
14219.8,50900,3404618800,22582759200,19178140400,41765679600,299232850.8,401660479.4,0.6,19330.2,2951.6,2,5200,2600,62400000,23.8,"2023-01-13T10:58:00.000Z",1673607480000,23.9,23.8,23.9,66.7,33.3,0,0.4,0.1,,0.5,2600,7800,2255700,,186160000,124280000,61880000,
14219.8,37300,3080958800,22587539200,19506580400,42098899600,299232850.8,401660479.4,3.2,19330.2,2951.6,0,200,-13600,-323660000,23.8,"2023-01-13T11:00:00.000Z",1673607600000,23.9,23.8,23.8,1.4,98.6,0,0,0.7,,69,13800,14000,2269700,,333220000,4780000,328440000,
14219.8,24600,2778738800,22597099200,19818360400,42420239600,299232850.8,401660479.4,3,19330.2,2951.6,0,400,-12700,-302220000,23.8,"2023-01-13T11:02:00.000Z",1673607720000,23.9,23.8,23.8,3,97,0,0,0.7,,32.8,13100,13500,2283200,,321340000,9560000,311780000,
14219.8,25600,2802548800,22673269200,19870720400,42548769600,299232850.8,401660479.4,0.2,19330.2,2951.6,1.5,3200,1000,23810000,23.8,"2023-01-13T11:04:00.000Z",1673607840000,23.9,23.8,23.8,59.3,40.7,0,0.2,0.1,,0.7,2200,5400,2288600,,128530000,76170000,52360000,
14219.8,25800,2807328800,22678049200,19870720400,42553549600,299232850.8,401660479.4,0,19330.2,2951.6,Infinity,200,200,4780000,23.9,"2023-01-13T11:06:00.000Z",1673607960000,23.9,23.9,23.9,100,0,0,0,,,0,,200,2288800,,4780000,4780000,,
14219.8,17000,2597898800,22839899200,20242000400,43086679600,299232850.8,401660479.4,2,19330.2,2951.6,0.4,6800,-8800,-209430000,23.8,"2023-01-13T11:08:00.000Z",1673608080000,23.9,23.8,23.9,30.4,69.6,0,0.5,0.8,,2.3,15600,22400,2311200,,533130000,161850000,371280000,
14219.8,21300,2700238800,22942239200,20242000400,43189019600,299232850.8,401660479.4,1,19330.2,2951.6,Infinity,4300,4300,102340000,23.8,"2023-01-13T11:10:00.000Z",1673608200000,23.8,23.8,23.8,100,0,0,0.3,,,0,,4300,2315500,,102340000,102340000,,
14219.8,6500,2348148800,23216089200,20867940400,44088809600,299232850.8,401660479.4,3.4,19330.2,2951.6,0.4,11500,-14800,-352090000,23.8,"2023-01-13T11:12:00.000Z",1673608320000,23.9,23.8,23.8,30.4,69.6,0,0.8,1.4,,2.3,26300,37800,2353300,,899790000,273850000,625940000,
14219.8,6700,2352928800,23220869200,20867940400,44093589600,299232850.8,401660479.4,0,19330.2,2951.6,Infinity,200,200,4780000,23.9,"2023-01-13T11:14:00.000Z",1673608440000,23.9,23.9,23.9,100,0,0,0,,,0,,200,2353500,,4780000,4780000,,
14219.8,5900,2333908800,23225649200,20891740400,44122169600,299232850.8,401660479.4,0.2,19330.2,2951.6,0.2,200,-800,-19020000,23.9,"2023-01-13T11:16:00.000Z",1673608560000,23.9,23.8,23.8,16.7,83.3,0,0,0.1,,5,1000,1200,2354700,,28580000,4780000,23800000,
14219.8,-1800,2150678800,23232819200,21082140400,44319739600,299232850.8,401660479.4,1.8,19330.2,2951.6,0,300,-7700,-183230000,23.8,"2023-01-13T11:18:00.000Z",1673608680000,23.9,23.8,23.9,3.6,96.4,0,0,0.4,,26.7,8000,8300,2363000,,197570000,7170000,190400000,
14219.8,-2100,2143558800,23237599200,21094040400,44336419600,299232850.8,401660479.4,0.1,19330.2,2951.6,0.4,200,-300,-7120000,23.8,"2023-01-13T11:20:00.000Z",1673608800000,23.9,23.8,23.9,28.6,71.4,0,0,0,,2.5,500,700,2363700,,16680000,4780000,11900000,
14219.8,-9100,1976978800,23263799200,21286820400,44557779600,299232850.8,401660479.4,1.6,19330.2,2951.6,0.1,1100,-7000,-166580000,23.8,"2023-01-13T11:22:00.000Z",1673608920000,23.9,23.8,23.8,11.8,87.1,1.1,0.1,0.4,0,7.4,8100,9300,2373000,100,221360000,26200000,192780000,2380000
14219.8,-8500,1991278800,23278099200,21286820400,44572079600,299232850.8,401660479.4,0.1,19330.2,2951.6,Infinity,600,600,14300000,23.9,"2023-01-13T11:24:00.000Z",1673609040000,23.9,23.8,23.8,100,0,0,0,,,0,,600,2373600,,14300000,14300000,,
14219.8,-22300,1662848800,23304289200,21641440400,44952889600,299232850.8,401660479.4,3.2,19330.2,2951.6,0.1,1100,-13800,-328430000,23.9,"2023-01-13T11:26:00.000Z",1673609160000,23.9,23.8,23.8,6.9,93.1,0,0.1,0.8,,13.5,14900,16000,2389600,,380810000,26190000,354620000,
14219.8,-24600,1608108800,23304289200,21696180400,45007629600,299232850.8,401660479.4,0.5,19330.2,2951.6,0,,-2300,-54740000,23.8,"2023-01-13T11:28:00.000Z",1673609280000,23.8,23.8,23.8,0,100,0,,0.1,,Infinity,2300,2300,2391900,,54740000,,54740000,
14219.8,41100,3171768800,24870329200,21698560400,46576049600,299232850.8,401660479.4,15.3,19330.2,2951.6,658,65800,65700,1563660000,23.8,"2023-01-13T13:00:00.000Z",1673614800000,23.8,23.8,23.8,99.8,0.2,0,4.6,0,,0,100,65900,2457800,,1568420000,1566040000,2380000,
14219.8,36000,3050398800,24975059200,21924660400,46906879600,299232850.8,401660479.4,1.2,19330.2,2951.6,0.5,4400,-5100,-121370000,23.8,"2023-01-13T13:02:00.000Z",1673614920000,23.9,23.8,23.8,31.7,68.3,0,0.3,0.5,,2.2,9500,13900,2471700,,330830000,104730000,226100000,
14219.8,41000,3169398800,25094059200,21924660400,47025879600,299232850.8,401660479.4,1.2,19330.2,2951.6,Infinity,5000,5000,119000000,23.8,"2023-01-13T13:04:00.000Z",1673615040000,23.8,23.8,23.8,100,0,0,0.4,,,0,,5000,2476700,,119000000,119000000,,
14219.8,41500,3181298800,25105959200,21924660400,47037779600,299232850.8,401660479.4,0.1,19330.2,2951.6,Infinity,500,500,11900000,23.8,"2023-01-13T13:06:00.000Z",1673615160000,23.8,23.8,23.8,100,0,0,0,,,0,,500,2477200,,11900000,11900000,,
14219.8,41300,3176608800,25117859200,21941250400,47066269600,299232850.8,401660479.4,0,19330.2,2951.6,0.7,500,-200,-4690000,23.8,"2023-01-13T13:08:00.000Z",1673615280000,23.8,23.7,23.8,41.7,58.3,0,0,0,,1.4,700,1200,2478400,,28490000,11900000,16590000,
14219.8,32100,2958598800,25124999200,22166400400,47298559600,299232850.8,401660479.4,2.1,19330.2,2951.6,0,300,-9200,-218010000,23.7,"2023-01-13T13:10:00.000Z",1673615400000,23.8,23.7,23.7,3.1,96.9,0,0,0.5,,31.7,9500,9800,2488200,,232290000,7140000,225150000,
14219.8,33500,2991918800,25158319200,22166400400,47331879600,299232850.8,401660479.4,0.3,19330.2,2951.6,Infinity,1400,1400,33320000,23.8,"2023-01-13T13:12:00.000Z",1673615520000,23.8,23.8,23.8,100,0,0,0.1,,,0,,1400,2489600,,33320000,33320000,,
14219.8,20700,2688628800,25174979200,22486350400,47668489600,299232850.8,401660479.4,3,19330.2,2951.6,0.1,700,-12800,-303290000,23.7,"2023-01-13T13:14:00.000Z",1673615640000,23.8,23.7,23.8,4.9,95.1,0,0,0.7,,19.3,13500,14200,2503800,,336610000,16660000,319950000,
14219.8,10300,2442188800,25184499200,22742310400,47933969600,299232850.8,401660479.4,2.4,19330.2,2951.6,0,400,-10400,-246440000,23.8,"2023-01-13T13:16:00.000Z",1673615760000,23.8,23.7,23.7,3.6,96.4,0,0,0.6,,27,10800,11200,2515000,,265480000,9520000,255960000,
14219.8,-100,2195778800,25201159200,23005380400,48213699600,299232850.8,401660479.4,2.4,19330.2,2951.6,0.1,700,-10400,-246410000,23.8,"2023-01-13T13:18:00.000Z",1673615880000,23.8,23.7,23.8,5.9,94.1,0,0,0.6,,15.9,11100,11800,2526800,,279730000,16660000,263070000,
14219.8,-3300,2120118800,25243999200,23123880400,48375039600,299232850.8,401660479.4,0.7,19330.2,2951.6,0.4,1800,-3200,-75660000,23.8,"2023-01-13T13:20:00.000Z",1673616000000,23.8,23.7,23.7,26.5,73.5,0,0.1,0.3,,2.8,5000,6800,2533600,,161340000,42840000,118500000,
14219.8,20200,2679478800,25817579200,23138100400,48962839600,299232850.8,401660479.4,5.5,19330.2,2951.6,40.2,24100,23500,559360000,23.8,"2023-01-13T13:22:00.000Z",1673616120000,23.8,23.7,23.8,97.6,2.4,0,1.7,0,,0,600,24700,2558300,,587800000,573580000,14220000,
14219.8,50600,3403878800,26824319200,23420440400,50251919600,299232850.8,401660479.4,7.1,19330.2,2951.6,3.6,42300,30400,724400000,23.8,"2023-01-13T13:24:00.000Z",1673616240000,23.8,23.7,23.8,78,22,0,3,0.6,,0.3,11900,54200,2612500,,1289080000,1006740000,282340000,
14219.8,57600,3570698800,27043279200,23472580400,50523019600,299232850.8,401660479.4,1.6,19330.2,2951.6,4.2,9200,7000,166820000,23.8,"2023-01-13T13:26:00.000Z",1673616360000,23.8,23.7,23.8,80.7,19.3,0,0.6,0.1,,0.2,2200,11400,2623900,,271100000,218960000,52140000,
14219.8,75200,3989578800,27466919200,23477340400,50951419600,299232850.8,401660479.4,4.1,19330.2,2951.6,89,17800,17600,418880000,23.8,"2023-01-13T13:28:00.000Z",1673616480000,23.8,23.8,23.8,98.9,1.1,0,1.3,0,,0,200,18000,2641900,,428400000,423640000,4760000,
14219.8,69500,3854018800,27652659200,23798640400,51458459600,299232850.8,401660479.4,1.3,19330.2,2951.6,0.6,7800,-5700,-135560000,23.8,"2023-01-13T13:30:00.000Z",1673616600000,23.9,23.8,23.8,36.6,63.4,0,0.5,0.7,,1.7,13500,21300,2663200,,507040000,185740000,321300000,
14219.8,69900,3863578800,27662219200,23798640400,51468019600,299232850.8,401660479.4,0.1,19330.2,2951.6,Infinity,400,400,9560000,23.9,"2023-01-13T13:32:00.000Z",1673616720000,23.9,23.9,23.9,100,0,0,0,,,0,,400,2663600,,9560000,9560000,,
14219.8,61800,3670838800,27671779200,24000940400,51679879600,299232850.8,401660479.4,1.9,19330.2,2951.6,0,400,-8100,-192740000,23.8,"2023-01-13T13:34:00.000Z",1673616840000,23.9,23.8,23.9,4.5,95.5,0,0,0.4,,21.3,8500,8900,2672500,,211860000,9560000,202300000,
14219.8,52100,3440008800,27678949200,24238940400,51925049600,299232850.8,401660479.4,2.3,19330.2,2951.6,0,300,-9700,-230830000,23.9,"2023-01-13T13:36:00.000Z",1673616960000,23.9,23.8,23.8,2.9,97.1,0,0,0.5,,33.3,10000,10300,2682800,,245170000,7170000,238000000,
14219.8,48300,3349608800,27688509200,24338900400,52034569600,299232850.8,401660479.4,0.9,19330.2,2951.6,0.1,400,-3800,-90400000,23.8,"2023-01-13T13:38:00.000Z",1673617080000,23.9,23.8,23.9,8.7,91.3,0,0,0.2,,10.5,4200,4600,2687400,,109520000,9560000,99960000,
14219.8,47000,3318708800,27698069200,24379360400,52084589600,299232850.8,401660479.4,0.3,19330.2,2951.6,0.2,400,-1300,-30900000,23.9,"2023-01-13T13:40:00.000Z",1673617200000,23.9,23.8,23.9,19,81,0,0,0.1,,4.3,1700,2100,2689500,,50020000,9560000,40460000,
14219.8,47000,3318758800,27710019200,24391260400,52108439600,299232850.8,401660479.4,0,19330.2,2951.6,1,500,0,50000,23.9,"2023-01-13T13:42:00.000Z",1673617320000,23.9,23.8,23.9,50,50,0,0,0,,1,500,1000,2690500,,23850000,11950000,11900000,
14219.8,45100,3273648800,27736309200,24462660400,52206129600,299232850.8,401660479.4,0.4,19330.2,2951.6,0.4,1100,-1900,-45110000,23.8,"2023-01-13T13:44:00.000Z",1673617440000,23.9,23.8,23.9,26.8,73.2,0,0.1,0.2,,2.7,3000,4100,2694600,,97690000,26290000,71400000,
14219.8,45900,3293018800,27815179200,24522160400,52344499600,299232850.8,401660479.4,0.2,19330.2,2951.6,1.3,3300,800,19370000,23.9,"2023-01-13T13:46:00.000Z",1673617560000,23.9,23.8,23.9,56.9,43.1,0,0.2,0.1,,0.8,2500,5800,2700400,,138370000,78870000,59500000,
14219.8,1400,2233938800,28260259200,26026320400,54293739600,299232850.8,401660479.4,10.3,19330.2,2951.6,0.3,18700,-44500,-1059080000,23.8,"2023-01-13T13:48:00.000Z",1673617680000,23.9,23.8,23.9,22.8,77.2,0,1.3,3.3,,3.4,63200,81900,2782300,,1949240000,445080000,1504160000,
14219.8,300,2207988800,28288819200,26080830400,54376809600,299232850.8,401660479.4,0.3,19330.2,2951.6,0.5,1200,-1100,-25950000,23.7,"2023-01-13T13:50:00.000Z",1673617800000,23.8,23.7,23.8,34.3,65.7,0,0.1,0.1,,1.9,2300,3500,2785800,,83070000,28560000,54510000,
14219.8,-13900,1871498800,28300719200,26429220400,54737099600,299232850.8,401660479.4,3.3,19330.2,2951.6,0,500,-14200,-336490000,23.7,"2023-01-13T13:52:00.000Z",1673617920000,23.8,23.7,23.8,3.3,96.7,0,0,0.8,,29.4,14700,15200,2801000,,360290000,11900000,348390000,
14219.8,-138800,-1072941200,29987849200,31060790400,61055799600,299232850.8,401660479.4,28.7,19330.2,2951.6,0.4,71200,-124900,-2944440000,23.6,"2023-01-13T13:54:00.000Z",1673618040000,23.8,23.6,23.7,26.6,73.4,0,5,10.1,,2.8,196100,267300,3068300,,6318700000,1687130000,4631570000,
14219.8,-175900,-1948431200,30013879200,31962310400,61983349600,299232850.8,401660479.4,8.5,19330.2,2951.6,0,1100,-37100,-875490000,23.7,"2023-01-13T13:56:00.000Z",1673618160000,23.7,23.6,23.6,2.8,97.2,0,0.1,2,,34.7,38200,39300,3107600,,927550000,26030000,901520000,
14219.8,-134000,-955281200,31035349200,31990630400,63033139600,299232850.8,401660479.4,9.7,19330.2,2951.6,35.9,43100,41900,993150000,23.7,"2023-01-13T13:58:00.000Z",1673618280000,23.7,23.6,23.7,97.3,2.7,0,3,0.1,,0,1200,44300,3151900,,1049790000,1021470000,28320000,
14219.8,-81900,279488800,32270119200,31990630400,64267909600,299232850.8,401660479.4,12.1,19330.2,2951.6,Infinity,52100,52100,1234770000,23.7,"2023-01-13T14:00:00.000Z",1673618400000,23.7,23.7,23.7,100,0,0,3.7,,,0,,52100,3204000,,1234770000,1234770000,,
14219.8,-94200,-11991200,32289109200,32301100400,64597369600,299232850.8,401660479.4,2.8,19330.2,2951.6,0.1,800,-12300,-291480000,23.7,"2023-01-13T14:02:00.000Z",1673618520000,23.8,23.7,23.7,5.8,94.2,0,0.1,0.7,,16.4,13100,13900,3217900,,329460000,18990000,310470000,
14219.8,-88900,113628800,32798669200,32685040400,65490869600,299232850.8,401660479.4,1.2,19330.2,2951.6,1.3,21500,5300,125620000,23.7,"2023-01-13T14:04:00.000Z",1673618640000,23.8,23.7,23.8,57,43,0,1.5,0.8,,0.8,16200,37700,3255600,,893500000,509560000,383940000,
14219.8,-84400,220298800,32966959200,32746660400,65720779600,299232850.8,401660479.4,1,19330.2,2951.6,2.7,7100,4500,106670000,23.7,"2023-01-13T14:06:00.000Z",1673618760000,23.8,23.7,23.7,73.2,26.8,0,0.5,0.1,,0.4,2600,9700,3265300,,229910000,168290000,61620000,
14219.8,-147300,-1264101200,32976439200,34240540400,67224139600,299232850.8,401660479.4,14.5,19330.2,2951.6,0,400,-62900,-1484400000,23.6,"2023-01-13T14:08:00.000Z",1673618880000,23.7,23.6,23.6,0.6,99.4,0,0,3.3,,158.3,63300,63700,3329000,,1503360000,9480000,1493880000,
14219.8,-197100,-2439351200,32995349200,35434700400,68437209600,299232850.8,401660479.4,11.5,19330.2,2951.6,0,800,-49800,-1175250000,23.6,"2023-01-13T14:10:00.000Z",1673619000000,23.7,23.6,23.6,1.6,98.4,0,0.1,2.6,,63.3,50600,51400,3380400,,1213070000,18910000,1194160000,
14219.8,-389000,-6947771200,33318529200,40266300400,73591989600,299232850.8,401660479.4,44,19330.2,2951.6,0.1,13700,-191900,-4508420000,23.5,"2023-01-13T14:12:00.000Z",1673619120000,23.6,23.5,23.6,6.2,93.8,0,1,10.6,,15,205600,219300,3599700,,5154780000,323180000,4831600000,
14219.8,-462000,-8658721200,34145759200,42804480400,76957399600,299232850.8,401660479.4,16.7,19330.2,2951.6,0.3,35200,-73000,-1710950000,23.4,"2023-01-13T14:14:00.000Z",1673619240000,23.6,23.4,23.5,24.5,75.5,0,2.5,5.6,,3.1,108200,143400,3743100,,3365410000,827230000,2538180000,
14219.8,-467600,-8789721200,34310799200,43100520400,77418479600,299232850.8,401660479.4,1.3,19330.2,2951.6,0.6,7000,-5600,-131000000,23.6,"2023-01-13T14:16:00.000Z",1673619360000,23.6,23.4,23.5,35.7,64.3,0,0.5,0.7,,1.8,12600,19600,3762700,,461080000,165040000,296040000,
14219.8,-558000,-10908271200,34602239200,45510510400,80119909600,299232850.8,401660479.4,20.7,19330.2,2951.6,0.1,12400,-90400,-2118550000,23.5,"2023-01-13T14:18:00.000Z",1673619480000,23.6,23.4,23.6,10.8,89.2,0,0.9,5.3,,8.3,102800,115200,3877900,,2701430000,291440000,2409990000,
14219.8,-570000,-11188221200,34801989200,45990210400,80799359600,299232850.8,401660479.4,2.7,19330.2,2951.6,0.4,8500,-12000,-279950000,23.5,"2023-01-13T14:20:00.000Z",1673619600000,23.5,23.4,23.5,29.3,70.7,0,0.6,1.1,,2.4,20500,29000,3906900,,679450000,199750000,479700000,
14219.8,-645800,-12957771200,35593219200,48550990400,84151369600,299232850.8,401660479.4,17.3,19330.2,2951.6,0.3,33800,-75800,-1769550000,23.4,"2023-01-13T14:22:00.000Z",1673619720000,23.5,23.3,23.4,23.6,76.4,0,2.4,5.7,,3.2,109600,143400,4050300,,3352010000,791230000,2560780000,
14219.8,-660800,-13309971200,36166919200,49476890400,85650969600,299232850.8,401660479.4,3.4,19330.2,2951.6,0.6,24400,-15000,-352200000,23.5,"2023-01-13T14:24:00.000Z",1673619840000,23.6,23.5,23.5,38.2,61.8,0,1.7,2,,1.6,39400,63800,4114100,,1499600000,573700000,925900000,
14219.8,-653400,-13134111200,36629479200,49763590400,86400229600,299232850.8,401660479.4,1.7,19330.2,2951.6,1.6,19600,7400,175860000,23.6,"2023-01-13T14:26:00.000Z",1673619960000,23.6,23.5,23.6,61.6,38.4,0,1.4,0.6,,0.6,12200,31800,4145900,,749260000,462560000,286700000,
14219.8,-628200,-12538501200,37434239200,49972740400,87414139600,299232850.8,401660479.4,5.8,19330.2,2951.6,3.8,34100,25200,595610000,23.6,"2023-01-13T14:28:00.000Z",1673620080000,23.6,23.5,23.5,79.3,20.7,0,2.4,0.5,,0.3,8900,43000,4188900,,1013910000,804760000,209150000,
14219.8,-628200,-12538501200,37434239200,49972740400,96109579600,299232850.8,401660479.4,0,19330.2,2951.6,NaN,,0,0,23.4,"2023-01-13T14:44:00.000Z",1673621040000,23.4,23.4,23.4,0,0,100,,,125.9,NaN,,371600,4560500,371600,8695440000,,,8695440000
14219.8,-630300,-12587641200,37434239200,50021880400,96158719600,299232850.8,401660479.4,0.5,19330.2,2951.6,0,,-2100,-49140000,23.4,"2023-01-13T14:46:00.000Z",1673621160000,23.4,23.4,23.4,0,100,0,,0.1,,Infinity,2100,2100,4562600,,49140000,,49140000,
14219.8,-632000,-12627421200,37434239200,50061660400,96198499600,299232850.8,401660479.4,0.4,19330.2,2951.6,0,,-1700,-39780000,23.4,"2023-01-13T14:48:00.000Z",1673621280000,23.4,23.4,23.4,0,100,0,,0.1,,Infinity,1700,1700,4564300,,39780000,,39780000,
14219.8,-640300,-12821641200,37586339200,50407980400,96696919600,299232850.8,401660479.4,1.9,19330.2,2951.6,0.4,6500,-8300,-194220000,23.4,"2023-01-13T14:54:00.000Z",1673621640000,23.4,23.4,23.4,30.5,69.5,0,0.5,0.8,,2.3,14800,21300,4585600,,498420000,152100000,346320000,
14219.8,-643800,-12903541200,37703339200,50606880400,97012819600,299232850.8,401660479.4,0.8,19330.2,2951.6,0.6,5000,-3500,-81900000,23.4,"2023-01-13T14:56:00.000Z",1673621760000,23.4,23.4,23.4,37,63,0,0.4,0.4,,1.7,8500,13500,4599100,,315900000,117000000,198900000,
14219.8,-643900,-12905881200,37703339200,50609220400,97015159600,299232850.8,401660479.4,0,19330.2,2951.6,0,,-100,-2340000,23.4,"2023-01-13T14:58:00.000Z",1673621880000,23.4,23.4,23.4,0,100,0,,0,,Infinity,100,100,4599200,,2340000,,2340000,
