"abu","acum_busd","acum_busd_val","acum_val_bu","acum_val_sd","acum_val","avg_val_bu","avg_val_sd","rbusd","asd","auk","bs","bu","bu-sd","bu-sd_val","c","date","datetime","h","l","o","pbu","psd","puk","rbu","rsd","ruk","sb","sd","sum_vol","total_vol","uk","val","val_bu","val_sd","val_uk"
3792.2,-8400,-222600000,0,222600000,222600000,96595294.1,205230551,2,8317.6,29.4,0,,-8400,-222600000,26.5,"2022-12-26T09:14:00.000Z",1672046040000,26.5,26.5,26.5,0,100,0,,1,,Infinity,8400,8400,8400,,222600000,,222600000,
3792.2,-7600,-201010000,26900000,227910000,254810000,96595294.1,205230551,0.2,8317.6,29.4,5,1000,800,21590000,26.9,"2022-12-26T09:18:00.000Z",1672046280000,26.9,26.55,26.55,83.3,16.7,0,0.3,0,,0.2,200,1200,9600,,32210000,26900000,5310000,
3792.2,-6800,-179570000,48340000,227910000,276250000,96595294.1,205230551,0.2,8317.6,29.4,Infinity,800,800,21440000,26.8,"2022-12-26T09:22:00.000Z",1672046520000,26.8,26.8,26.8,100,0,0,0.2,,,0,,800,10400,,21440000,21440000,,
3792.2,-8900,-235440000,48340000,283780000,332120000,96595294.1,205230551,0.5,8317.6,29.4,0,,-2100,-55870000,26.55,"2022-12-26T09:28:00.000Z",1672046880000,26.7,26.55,26.7,0,100,0,,0.3,,Infinity,2100,2100,12500,,55870000,,55870000,
3792.2,-16600,-439555000,50995000,490550000,541545000,96595294.1,205230551,1.9,8317.6,29.4,0,100,-7700,-204115000,26.55,"2022-12-26T09:32:00.000Z",1672047120000,26.55,26.5,26.55,1.3,98.7,0,0,0.9,,78,7800,7900,20400,,209425000,2655000,206770000,
3792.2,-25600,-677665000,50995000,728660000,779655000,96595294.1,205230551,2.2,8317.6,29.4,0,,-9000,-238110000,26.4,"2022-12-26T09:34:00.000Z",1672047240000,26.5,26.4,26.5,0,100,0,,1.1,,Infinity,9000,9000,29400,,238110000,,238110000,
3792.2,-28600,-756585000,50995000,807580000,858575000,96595294.1,205230551,0.7,8317.6,29.4,0,,-3000,-78920000,26.3,"2022-12-26T09:36:00.000Z",1672047360000,26.4,26.3,26.4,0,100,0,,0.4,,Infinity,3000,3000,32400,,78920000,,78920000,
3792.2,-27800,-735505000,72075000,807580000,879655000,96595294.1,205230551,0.2,8317.6,29.4,Infinity,800,800,21080000,26.35,"2022-12-26T09:38:00.000Z",1672047480000,26.35,26.35,26.35,100,0,0,0.2,,,0,,800,33200,,21080000,21080000,,
3792.2,-30500,-806455000,106525000,912980000,1019505000,96595294.1,205230551,0.7,8317.6,29.4,0.3,1300,-2700,-70950000,26.5,"2022-12-26T09:40:00.000Z",1672047600000,26.5,26.35,26.35,24.5,75.5,0,0.3,0.5,,3.1,4000,5300,38500,,139850000,34450000,105400000,
3792.2,-31100,-822265000,106525000,928790000,1035315000,96595294.1,205230551,0.1,8317.6,29.4,0,,-600,-15810000,26.35,"2022-12-26T09:42:00.000Z",1672047720000,26.35,26.35,26.35,0,100,0,,0.1,,Infinity,600,600,39100,,15810000,,15810000,
3792.2,-59000,-1555475000,109145000,1664620000,1773765000,96595294.1,205230551,6.7,8317.6,29.4,0,100,-27900,-733210000,26.2,"2022-12-26T09:44:00.000Z",1672047840000,26.35,26.2,26.35,0.4,99.6,0,0,3.4,,280,28000,28100,67200,,738450000,2620000,735830000,
3792.2,-56300,-1484735000,179885000,1664620000,1844505000,96595294.1,205230551,0.7,8317.6,29.4,Infinity,2700,2700,70740000,26.2,"2022-12-26T09:46:00.000Z",1672047960000,26.2,26.2,26.2,100,0,0,0.7,,,0,,2700,69900,,70740000,70740000,,
3792.2,-56200,-1482075000,187805000,1669880000,1857685000,96595294.1,205230551,0,8317.6,29.4,1.5,300,100,2660000,26.4,"2022-12-26T09:48:00.000Z",1672048080000,26.4,26.3,26.3,60,40,0,0.1,0,,0.7,200,500,70400,,13180000,7920000,5260000,
3792.2,-57100,-1505635000,203620000,1709255000,1912875000,96595294.1,205230551,0.2,8317.6,29.4,0.4,600,-900,-23560000,26.4,"2022-12-26T09:50:00.000Z",1672048200000,26.4,26.25,26.35,28.6,71.4,0,0.2,0.2,,2.5,1500,2100,72500,,55190000,15815000,39375000,
3792.2,-55800,-1471315000,264340000,1735655000,1999995000,96595294.1,205230551,0.3,8317.6,29.4,2.3,2300,1300,34320000,26.4,"2022-12-26T09:52:00.000Z",1672048320000,26.4,26.4,26.4,69.7,30.3,0,0.6,0.1,,0.4,1000,3300,75800,,87120000,60720000,26400000,
3792.2,-49500,-1304660000,430995000,1735655000,2166650000,96595294.1,205230551,1.5,8317.6,29.4,Infinity,6300,6300,166655000,26.5,"2022-12-26T09:54:00.000Z",1672048440000,26.5,26.45,26.45,100,0,0,1.7,,,0,,6300,82100,,166655000,166655000,,
3792.2,-44800,-1179835000,555820000,1735655000,2291475000,96595294.1,205230551,1.1,8317.6,29.4,Infinity,4700,4700,124825000,26.6,"2022-12-26T09:56:00.000Z",1672048560000,26.6,26.5,26.5,100,0,0,1.2,,,0,,4700,86800,,124825000,124825000,,
3792.2,-47600,-1254145000,561135000,1815280000,2376415000,96595294.1,205230551,0.7,8317.6,29.4,0.1,200,-2800,-74310000,26.55,"2022-12-26T09:58:00.000Z",1672048680000,26.6,26.5,26.6,6.3,93.8,0,0.1,0.4,,15,3000,3200,90000,,84940000,5315000,79625000,
3792.2,-48100,-1267270000,627510000,1894780000,2522290000,96595294.1,205230551,0.1,8317.6,29.4,0.8,2500,-500,-13125000,26.5,"2022-12-26T10:00:00.000Z",1672048800000,26.55,26.5,26.5,45.5,54.5,0,0.7,0.4,,1.2,3000,5500,95500,,145875000,66375000,79500000,
3792.2,-63300,-1669260000,630155000,2299415000,2929570000,96595294.1,205230551,3.7,8317.6,29.4,0,100,-15200,-401990000,26.4,"2022-12-26T10:02:00.000Z",1672048920000,26.45,26.4,26.45,0.6,99.4,0,0,1.8,,153,15300,15400,110900,,407280000,2645000,404635000,
3792.2,-62400,-1645495000,698800000,2344295000,3043095000,96595294.1,205230551,0.2,8317.6,29.4,1.5,2600,900,23765000,26.4,"2022-12-26T10:04:00.000Z",1672049040000,26.45,26.4,26.4,60.5,39.5,0,0.7,0.2,,0.7,1700,4300,115200,,113525000,68645000,44880000,
3792.2,-61800,-1629680000,714615000,2344295000,3058910000,96595294.1,205230551,0.1,8317.6,29.4,Infinity,600,600,15815000,26.35,"2022-12-26T10:06:00.000Z",1672049160000,26.4,26.35,26.4,100,0,0,0.2,,,0,,600,115800,,15815000,15815000,,
3792.2,-56600,-1492660000,851635000,2344295000,3195930000,96595294.1,205230551,1.3,8317.6,29.4,Infinity,5200,5200,137020000,26.35,"2022-12-26T10:08:00.000Z",1672049280000,26.35,26.35,26.35,100,0,0,1.4,,,0,,5200,121000,,137020000,137020000,,
3792.2,-63400,-1670520000,935955000,2606475000,3542430000,96595294.1,205230551,1.6,8317.6,29.4,0.3,3200,-6800,-177860000,26.2,"2022-12-26T10:10:00.000Z",1672049400000,26.35,26.2,26.35,24.2,75.8,0,0.8,1.2,,3.1,10000,13200,134200,,346500000,84320000,262180000,
3792.2,-73300,-1929900000,935955000,2865855000,3801810000,96595294.1,205230551,2.4,8317.6,29.4,0,,-9900,-259380000,26.2,"2022-12-26T10:12:00.000Z",1672049520000,26.2,26.2,26.2,0,100,0,,1.2,,Infinity,9900,9900,144100,,259380000,,259380000,
3792.2,-74200,-1953470000,938585000,2892055000,3830640000,96595294.1,205230551,0.2,8317.6,29.4,0.1,100,-900,-23570000,26.2,"2022-12-26T10:14:00.000Z",1672049640000,26.3,26.2,26.3,9.1,90.9,0,0,0.1,,10,1000,1100,145200,,28830000,2630000,26200000,
3792.2,-73700,-1940345000,956960000,2897305000,3854265000,96595294.1,205230551,0.1,8317.6,29.4,3.5,700,500,13125000,26.25,"2022-12-26T10:16:00.000Z",1672049760000,26.25,26.25,26.25,77.8,22.2,0,0.2,0,,0.3,200,900,146100,,23625000,18375000,5250000,
3792.2,-76500,-2013845000,956960000,2970805000,3927765000,96595294.1,205230551,0.7,8317.6,29.4,0,,-2800,-73500000,26.25,"2022-12-26T10:18:00.000Z",1672049880000,26.25,26.25,26.25,0,100,0,,0.3,,Infinity,2800,2800,148900,,73500000,,73500000,
3792.2,-96500,-2537845000,956960000,3494805000,4451765000,96595294.1,205230551,4.8,8317.6,29.4,0,,-20000,-524000000,26.2,"2022-12-26T10:20:00.000Z",1672050000000,26.2,26.2,26.2,0,100,0,,2.4,,Infinity,20000,20000,168900,,524000000,,524000000,
3792.2,-99300,-2611205000,956960000,3568165000,4525125000,96595294.1,205230551,0.7,8317.6,29.4,0,,-2800,-73360000,26.2,"2022-12-26T10:22:00.000Z",1672050120000,26.2,26.2,26.2,0,100,0,,0.3,,Infinity,2800,2800,171700,,73360000,,73360000,
3792.2,-107300,-2820805000,956960000,3777765000,4734725000,96595294.1,205230551,1.9,8317.6,29.4,0,,-8000,-209600000,26.2,"2022-12-26T10:24:00.000Z",1672050240000,26.2,26.2,26.2,0,100,0,,1,,Infinity,8000,8000,179700,,209600000,,209600000,
3792.2,-110100,-2894025000,993570000,3887595000,4881165000,96595294.1,205230551,0.7,8317.6,29.4,0.3,1400,-2800,-73220000,26.15,"2022-12-26T10:26:00.000Z",1672050360000,26.15,26.15,26.15,25,75,0,0.4,0.5,,3,4200,5600,185300,,146440000,36610000,109830000,
3792.2,-99200,-2608990000,1278605000,3887595000,5166200000,96595294.1,205230551,2.6,8317.6,29.4,Infinity,10900,10900,285035000,26.15,"2022-12-26T10:28:00.000Z",1672050480000,26.15,26.15,26.15,100,0,0,2.9,,,0,,10900,196200,,285035000,285035000,,
3792.2,-98800,-2598430000,1341465000,3939895000,5281360000,96595294.1,205230551,0.1,8317.6,29.4,1.2,2400,400,10560000,26.15,"2022-12-26T10:30:00.000Z",1672050600000,26.2,26.15,26.15,54.5,45.5,0,0.6,0.2,,0.8,2000,4400,200600,,115160000,62860000,52300000,
3792.2,-97900,-2574840000,1365055000,3939895000,5304950000,96595294.1,205230551,0.2,8317.6,29.4,Infinity,900,900,23590000,26.25,"2022-12-26T10:32:00.000Z",1672050720000,26.25,26.2,26.2,100,0,0,0.2,,,0,,900,201500,,23590000,23590000,,
3792.2,-91000,-2392675000,1547220000,3939895000,5487115000,96595294.1,205230551,1.7,8317.6,29.4,Infinity,6900,6900,182165000,26.45,"2022-12-26T10:34:00.000Z",1672050840000,26.45,26.25,26.25,100,0,0,1.8,,,0,,6900,208400,,182165000,182165000,,
3792.2,-77100,-2025255000,2075220000,4100475000,6175695000,96595294.1,205230551,3.4,8317.6,29.4,3.3,20000,13900,367420000,26.3,"2022-12-26T10:36:00.000Z",1672050960000,26.4,26.3,26.4,76.6,23.4,0,5.3,0.7,,0.3,6100,26100,234500,,688580000,528000000,160580000,
3792.2,-79000,-2075225000,2075220000,4150445000,6225665000,96595294.1,205230551,0.5,8317.6,29.4,0,,-1900,-49970000,26.3,"2022-12-26T10:38:00.000Z",1672051080000,26.3,26.3,26.3,0,100,0,,0.2,,Infinity,1900,1900,236400,,49970000,,49970000,
3792.2,-78500,-2062075000,2088370000,4150445000,6238815000,96595294.1,205230551,0.1,8317.6,29.4,Infinity,500,500,13150000,26.3,"2022-12-26T10:40:00.000Z",1672051200000,26.3,26.3,26.3,100,0,0,0.1,,,0,,500,236900,,13150000,13150000,,
3792.2,-77000,-2022625000,2127820000,4150445000,6278265000,96595294.1,205230551,0.4,8317.6,29.4,Infinity,1500,1500,39450000,26.3,"2022-12-26T10:42:00.000Z",1672051320000,26.3,26.3,26.3,100,0,0,0.4,,,0,,1500,238400,,39450000,39450000,,
3792.2,-68200,-1791160000,2359285000,4150445000,6509730000,96595294.1,205230551,2.1,8317.6,29.4,Infinity,8800,8800,231465000,26.35,"2022-12-26T10:46:00.000Z",1672051560000,26.35,26.3,26.3,100,0,0,2.3,,,0,,8800,247200,,231465000,231465000,,
3792.2,-69100,-1814865000,2361920000,4176785000,6538705000,96595294.1,205230551,0.2,8317.6,29.4,0.1,100,-900,-23705000,26.25,"2022-12-26T10:48:00.000Z",1672051680000,26.35,26.25,26.35,9.1,90.9,0,0,0.1,,10,1000,1100,248300,,28975000,2635000,26340000,
3792.2,-72200,-1896395000,2361920000,4258315000,6620235000,96595294.1,205230551,0.8,8317.6,29.4,0,,-3100,-81530000,26.3,"2022-12-26T10:50:00.000Z",1672051800000,26.3,26.3,26.3,0,100,0,,0.4,,Infinity,3100,3100,251400,,81530000,,81530000,
3792.2,-71500,-1877985000,2406630000,4284615000,6691245000,96595294.1,205230551,0.2,8317.6,29.4,1.7,1700,700,18410000,26.3,"2022-12-26T10:52:00.000Z",1672051920000,26.3,26.3,26.3,63,37,0,0.4,0.1,,0.6,1000,2700,254100,,71010000,44710000,26300000,
3792.2,-79800,-2096250000,2406630000,4502880000,6909510000,96595294.1,205230551,2,8317.6,29.4,0,,-8300,-218265000,26.3,"2022-12-26T10:54:00.000Z",1672052040000,26.3,26.25,26.3,0,100,0,,1,,Infinity,8300,8300,262400,,218265000,,218265000,
3792.2,-79700,-2093610000,2409270000,4502880000,6912150000,96595294.1,205230551,0,8317.6,29.4,Infinity,100,100,2640000,26.4,"2022-12-26T10:58:00.000Z",1672052280000,26.4,26.4,26.4,100,0,0,0,,,0,,100,262500,,2640000,2640000,,
3792.2,-80700,-2119910000,2409270000,4529180000,6938450000,96595294.1,205230551,0.2,8317.6,29.4,0,,-1000,-26300000,26.3,"2022-12-26T11:00:00.000Z",1672052400000,26.3,26.3,26.3,0,100,0,,0.1,,Infinity,1000,1000,263500,,26300000,,26300000,
3792.2,-81700,-2146210000,2409270000,4555480000,6964750000,96595294.1,205230551,0.2,8317.6,29.4,0,,-1000,-26300000,26.3,"2022-12-26T11:02:00.000Z",1672052520000,26.3,26.3,26.3,0,100,0,,0.1,,Infinity,1000,1000,264500,,26300000,,26300000,
3792.2,-81800,-2148835000,2409270000,4558105000,6967375000,96595294.1,205230551,0,8317.6,29.4,0,,-100,-2625000,26.25,"2022-12-26T11:06:00.000Z",1672052760000,26.25,26.25,26.25,0,100,0,,0,,Infinity,100,100,264600,,2625000,,2625000,
3792.2,-82600,-2169880000,2411895000,4581775000,6993670000,96595294.1,205230551,0.2,8317.6,29.4,0.1,100,-800,-21045000,26.3,"2022-12-26T11:08:00.000Z",1672052880000,26.3,26.25,26.25,10,90,0,0,0.1,,9,900,1000,265600,,26295000,2625000,23670000,
3792.2,-84000,-2206430000,2411895000,4618325000,7032835000,96595294.1,205230551,0.3,8317.6,29.4,0,,-1400,-36550000,26.1,"2022-12-26T11:12:00.000Z",1672053120000,26.15,26.1,26.15,0,93.3,6.7,,0.2,3.4,Infinity,1400,1500,267100,100,39165000,,36550000,2615000
3792.2,-99000,-2598430000,2411895000,5010325000,7424835000,96595294.1,205230551,3.6,8317.6,29.4,0,,-15000,-392000000,26.1,"2022-12-26T11:20:00.000Z",1672053600000,26.15,26.1,26.15,0,100,0,,1.8,,Infinity,15000,15000,282100,,392000000,,392000000,
3792.2,-104500,-2739397600,2437945000,5177342600,7617902600,96595294.1,205230551,1.3,8317.6,29.4,0.2,1000,-5500,-140967600,26,"2022-12-26T11:22:00.000Z",1672053720000,26.1,26,26.1,13.3,86.7,0,0.3,0.8,,6.5,6500,7500,289600,,193067600,26050000,167017600,
3792.2,-130600,-2740076200,2437945000,5178021200,7618581200,96595294.1,205230551,0,8317.6,29.4,0,,-26100,-678600,26,"2022-12-26T11:24:00.000Z",1672053840000,26,26,26,0,100,0,,3.1,,Infinity,26100,26100,315700,,678600,,678600,
3792.2,-136200,-2885116200,2437945000,5323061200,7763621200,96595294.1,205230551,1.3,8317.6,29.4,0,,-5600,-145040000,25.9,"2022-12-26T11:26:00.000Z",1672053960000,25.9,25.9,25.9,0,100,0,,0.7,,Infinity,5600,5600,321300,,145040000,,145040000,
3792.2,-143800,-3081241200,2440535000,5521776200,7964926200,96595294.1,205230551,1.8,8317.6,29.4,0,100,-7600,-196125000,25.8,"2022-12-26T11:28:00.000Z",1672054080000,25.9,25.8,25.9,1.3,98.7,0,0,0.9,,77,7700,7800,329100,,201305000,2590000,198715000,
3792.2,-158000,-3444621200,2548515000,5993136200,8544266200,96595294.1,205230551,3.3,8317.6,29.4,0.2,4200,-14200,-363380000,25.6,"2022-12-26T13:00:00.000Z",1672059600000,25.9,25.6,25.8,18.6,81.4,0,1.1,2.2,,4.4,18400,22600,351700,,579340000,107980000,471360000,
3792.2,-153600,-3331971200,2771235000,6103206200,8877056200,96595294.1,205230551,1,8317.6,29.4,2,8700,4400,112650000,25.55,"2022-12-26T13:02:00.000Z",1672059720000,25.6,25.55,25.6,66.9,33.1,0,2.3,0.5,,0.5,4300,13000,364700,,332790000,222720000,110070000,
3792.2,-151500,-3278176200,2858285000,6136461200,8999931200,96595294.1,205230551,0.5,8317.6,29.4,2.6,3400,2100,53795000,25.7,"2022-12-26T13:04:00.000Z",1672059840000,25.7,25.55,25.6,70.8,27.1,2.1,0.9,0.2,3.4,0.4,1300,4800,369500,100,122875000,87050000,33255000,2570000
3792.2,-153000,-3316621200,2883935000,6200556200,9089676200,96595294.1,205230551,0.4,8317.6,29.4,0.4,1000,-1500,-38445000,25.65,"2022-12-26T13:06:00.000Z",1672059960000,25.65,25.6,25.65,28.6,71.4,0,0.3,0.3,,2.5,2500,3500,373000,,89745000,25650000,64095000,
3792.2,-160200,-3500941200,2970975000,6471916200,9448076200,96595294.1,205230551,1.7,8317.6,29.4,0.3,3400,-7200,-184320000,25.6,"2022-12-26T13:08:00.000Z",1672060080000,25.6,25.6,25.6,24.3,75.7,0,0.9,1.3,,3.1,10600,14000,387000,,358400000,87040000,271360000,
3792.2,-154200,-3347156200,3124760000,6471916200,9601861200,96595294.1,205230551,1.4,8317.6,29.4,Infinity,6000,6000,153785000,25.65,"2022-12-26T13:10:00.000Z",1672060200000,25.65,25.6,25.6,100,0,0,1.6,,,0,,6000,393000,,153785000,153785000,,
3792.2,-152700,-3308681200,3163235000,6471916200,9640336200,96595294.1,205230551,0.4,8317.6,29.4,Infinity,1500,1500,38475000,25.65,"2022-12-26T13:12:00.000Z",1672060320000,25.65,25.65,25.65,100,0,0,0.4,,,0,,1500,394500,,38475000,38475000,,
3792.2,-151200,-3270206200,3201710000,6471916200,9678811200,96595294.1,205230551,0.4,8317.6,29.4,Infinity,1500,1500,38475000,25.65,"2022-12-26T13:14:00.000Z",1672060440000,25.65,25.65,25.65,100,0,0,0.4,,,0,,1500,396000,,38475000,38475000,,
3792.2,-150900,-3262511200,3214535000,6477046200,9696766200,96595294.1,205230551,0.1,8317.6,29.4,2.5,500,300,7695000,25.65,"2022-12-26T13:16:00.000Z",1672060560000,25.65,25.65,25.65,71.4,28.6,0,0.1,0,,0.4,200,700,396700,,17955000,12825000,5130000,
3792.2,-160900,-3518461200,3258140000,6776601200,10039926200,96595294.1,205230551,2.4,8317.6,29.4,0.1,1700,-10000,-255950000,25.6,"2022-12-26T13:18:00.000Z",1672060680000,25.65,25.6,25.65,12.7,87.3,0,0.4,1.4,,6.9,11700,13400,410100,,343160000,43605000,299555000,
3792.2,-170200,-3756076200,3258140000,7014216200,10277541200,96595294.1,205230551,2.2,8317.6,29.4,0,,-9300,-237615000,25.55,"2022-12-26T13:20:00.000Z",1672060800000,25.55,25.55,25.55,0,100,0,,1.1,,Infinity,9300,9300,419400,,237615000,,237615000,
3792.2,-208200,-4724646200,3286150000,8010796200,11302131200,96595294.1,205230551,8.9,8317.6,29.4,0,1100,-38000,-968570000,25.4,"2022-12-26T13:22:00.000Z",1672060920000,25.6,25.4,25.55,2.7,97.3,0,0.3,4.7,,35.5,39100,40200,459600,,1024590000,28010000,996580000,
3792.2,-203600,-4607071200,3516265000,8123336200,11644786200,96595294.1,205230551,1.1,8317.6,29.4,2,9000,4600,117575000,25.4,"2022-12-26T13:24:00.000Z",1672061040000,25.7,25.35,25.4,67.2,32.8,0,2.4,0.5,,0.5,4400,13400,473000,,342655000,230115000,112540000,
3792.2,-213500,-4860411200,3570235000,8430646200,12006066200,96595294.1,205230551,2.3,8317.6,29.4,0.2,2100,-9900,-253340000,25.7,"2022-12-26T13:26:00.000Z",1672061160000,25.7,25.4,25.4,14.9,85.1,0,0.6,1.4,,5.7,12000,14100,487100,,361280000,53970000,307310000,
3792.2,-211300,-4803871200,3698735000,8502606200,12206526200,96595294.1,205230551,0.5,8317.6,29.4,1.8,5000,2200,56540000,25.7,"2022-12-26T13:28:00.000Z",1672061280000,25.7,25.7,25.7,64.1,35.9,0,1.3,0.3,,0.6,2800,7800,494900,,200460000,128500000,71960000,
3792.2,-212200,-4826811200,3701285000,8528096200,12234566200,96595294.1,205230551,0.2,8317.6,29.4,0.1,100,-900,-22940000,25.45,"2022-12-26T13:30:00.000Z",1672061400000,25.5,25.45,25.5,9.1,90.9,0,0,0.1,,10,1000,1100,496000,,28040000,2550000,25490000,
3792.2,-237600,-5468756200,3764665000,9233421200,13003271200,96595294.1,205230551,5.9,8317.6,29.4,0.1,2500,-25400,-641945000,25.25,"2022-12-26T13:32:00.000Z",1672061520000,25.4,25.25,25.4,8.2,91.8,0,0.7,3.4,,11.2,27900,30400,526400,,768705000,63380000,705325000,
3792.2,-283000,-6608116200,3925625000,10533741200,14464551200,96595294.1,205230551,10.5,8317.6,29.4,0.1,6400,-45400,-1139360000,25.15,"2022-12-26T13:34:00.000Z",1672061640000,25.2,25.1,25.2,11,89,0,1.7,6.2,,8.1,51800,58200,584600,,1461280000,160960000,1300320000,
3792.2,-282600,-6597961200,4053895000,10651856200,14710936200,96595294.1,205230551,0.1,8317.6,29.4,1.1,5100,400,10155000,25.15,"2022-12-26T13:36:00.000Z",1672061760000,25.2,25.1,25.15,52,48,0,1.3,0.6,,0.9,4700,9800,594400,,246385000,128270000,118115000,
3792.2,-278800,-6501931200,4300825000,10802756200,15141526200,96595294.1,205230551,0.9,8317.6,29.4,1.6,9800,3800,96030000,25.25,"2022-12-26T13:38:00.000Z",1672061880000,25.25,25.15,25.2,57.3,35.1,7.6,2.6,0.7,44.2,0.6,6000,17100,611500,1300,430590000,246930000,150900000,32760000
3792.2,-276300,-6438656200,4376705000,10815361200,15230011200,96595294.1,205230551,0.6,8317.6,29.4,6,3000,2500,63275000,25.35,"2022-12-26T13:40:00.000Z",1672062000000,25.35,25.2,25.25,85.7,14.3,0,0.8,0.1,,0.2,500,3500,615000,,88485000,75880000,12605000,
3792.2,-277100,-6458826200,4381765000,10840591200,15260301200,96595294.1,205230551,0.2,8317.6,29.4,0.2,200,-800,-20170000,25.2,"2022-12-26T13:42:00.000Z",1672062120000,25.3,25.2,25.3,16.7,83.3,0,0.1,0.1,,5,1000,1200,616200,,30290000,5060000,25230000,
3792.2,-271500,-6316936200,4523655000,10840591200,15402191200,96595294.1,205230551,1.3,8317.6,29.4,Infinity,5600,5600,141890000,25.3,"2022-12-26T13:44:00.000Z",1672062240000,25.35,25.3,25.3,100,0,0,1.5,,,0,,5600,621800,,141890000,141890000,,
3792.2,-273100,-6357336200,4523655000,10880991200,15442591200,96595294.1,205230551,0.4,8317.6,29.4,0,,-1600,-40400000,25.25,"2022-12-26T13:46:00.000Z",1672062360000,25.25,25.25,25.25,0,100,0,,0.2,,Infinity,1600,1600,623400,,40400000,,40400000,
3792.2,-318900,-7507071200,4548755000,12055826200,16642526200,96595294.1,205230551,10.6,8317.6,29.4,0,1000,-45800,-1149735000,25.05,"2022-12-26T13:48:00.000Z",1672062480000,25.2,25.05,25.2,2.1,97.9,0,0.3,5.6,,46.8,46800,47800,671200,,1199935000,25100000,1174835000,
3792.2,-307300,-7215911200,4839915000,12055826200,16933686200,96595294.1,205230551,2.7,8317.6,29.4,Infinity,11600,11600,291160000,25.1,"2022-12-26T13:50:00.000Z",1672062600000,25.1,25.1,25.1,100,0,0,3.1,,,0,,11600,682800,,291160000,291160000,,
3792.2,-308300,-7240921200,4865115000,12106036200,17009096200,96595294.1,205230551,0.2,8317.6,29.4,0.5,1000,-1000,-25010000,25.2,"2022-12-26T13:52:00.000Z",1672062720000,25.2,25.1,25.15,33.3,66.7,0,0.3,0.2,,2,2000,3000,685800,,75410000,25200000,50210000,
3792.2,-297300,-6962621200,5143415000,12106036200,17320286200,96595294.1,205230551,2.6,8317.6,29.4,Infinity,11000,11000,278300000,25.3,"2022-12-26T13:54:00.000Z",1672062840000,25.3,25.3,25.3,89.4,0,10.6,2.9,,44.2,0,,12300,698100,1300,311190000,278300000,,32890000
3792.2,-299300,-7013221200,5143415000,12156636200,17370886200,96595294.1,205230551,0.5,8317.6,29.4,0,,-2000,-50600000,25.3,"2022-12-26T13:56:00.000Z",1672062960000,25.3,25.3,25.3,0,100,0,,0.2,,Infinity,2000,2000,700100,,50600000,,50600000,
3792.2,-300000,-7030926200,5145950000,12176876200,17393661200,96595294.1,205230551,0.2,8317.6,29.4,0.1,100,-700,-17705000,25.3,"2022-12-26T13:58:00.000Z",1672063080000,25.35,25.3,25.35,11.1,88.9,0,0,0.1,,8,800,900,701000,,22775000,2535000,20240000,
3792.2,-299700,-7023341200,5158585000,12181926200,17411346200,96595294.1,205230551,0.1,8317.6,29.4,2.5,500,300,7585000,25.3,"2022-12-26T14:00:00.000Z",1672063200000,25.3,25.25,25.25,71.4,28.6,0,0.1,0,,0.4,200,700,701700,,17685000,12635000,5050000,
3792.2,-295800,-6924671200,5257255000,12181926200,17510016200,96595294.1,205230551,0.9,8317.6,29.4,Infinity,3900,3900,98670000,25.3,"2022-12-26T14:02:00.000Z",1672063320000,25.3,25.3,25.3,100,0,0,1,,,0,,3900,705600,,98670000,98670000,,
3792.2,-295700,-6922141200,5259785000,12181926200,17512546200,96595294.1,205230551,0,8317.6,29.4,Infinity,100,100,2530000,25.3,"2022-12-26T14:04:00.000Z",1672063440000,25.3,25.3,25.3,100,0,0,0,,,0,,100,705700,,2530000,2530000,,
3792.2,-331700,-7826061200,5259785000,13085846200,18418986200,96595294.1,205230551,8.3,8317.6,29.4,0,,-36000,-903920000,25.1,"2022-12-26T14:06:00.000Z",1672063560000,25.2,25.1,25.2,0,99.7,0.3,,4.3,3.4,Infinity,36000,36100,741800,100,906440000,,903920000,2520000
3792.2,-328900,-7755761200,5513305000,13269066200,18855726200,96595294.1,205230551,0.6,8317.6,29.4,1.4,10100,2800,70300000,25.1,"2022-12-26T14:08:00.000Z",1672063680000,25.2,25.05,25.2,58,42,0,2.7,0.9,,0.7,7300,17400,759200,,436740000,253520000,183220000,
3792.2,-336200,-7938571200,5593630000,13532201200,19199186200,96595294.1,205230551,1.7,8317.6,29.4,0.3,3200,-7300,-182810000,25.15,"2022-12-26T14:10:00.000Z",1672063800000,25.15,25.05,25.1,23.4,76.6,0,0.8,1.3,,3.3,10500,13700,772900,,343460000,80325000,263135000,
3792.2,-352300,-8341386200,5844630000,14186016200,20104001200,96595294.1,205230551,3.7,8317.6,29.4,0.4,10000,-16100,-402815000,25.1,"2022-12-26T14:12:00.000Z",1672063920000,25.1,25.05,25.1,27.7,72.3,0,2.6,3.1,,2.6,26100,36100,809000,,904815000,251000000,653815000,
3792.2,-352300,-8341286200,5869830000,14211116200,20154301200,96595294.1,205230551,0,8317.6,29.4,1,1000,0,100000,25.2,"2022-12-26T14:14:00.000Z",1672064040000,25.2,25.1,25.1,50,50,0,0.3,0.1,,1,1000,2000,811000,,50300000,25200000,25100000,
3792.2,-342000,-8081151200,6129965000,14211116200,20414436200,96595294.1,205230551,2.4,8317.6,29.4,Infinity,10300,10300,260135000,25.35,"2022-12-26T14:16:00.000Z",1672064160000,25.35,25.2,25.2,100,0,0,2.7,,,0,,10300,821300,,260135000,260135000,,
3792.2,-380700,-9054306200,6135025000,15189331200,21397711200,96595294.1,205230551,9,8317.6,29.4,0,200,-38700,-973155000,25.1,"2022-12-26T14:18:00.000Z",1672064280000,25.35,25.1,25.35,0.5,99.5,0,0.1,4.7,,194.5,38900,39100,860400,,983275000,5060000,978215000,
3792.2,-436300,-10447076200,6250485000,16697561200,23021401200,96595294.1,205230551,12.8,8317.6,29.4,0.1,4600,-55600,-1392770000,25.05,"2022-12-26T14:20:00.000Z",1672064400000,25.1,25.05,25.1,7.1,92.9,0,1.2,7.2,,13.1,60200,64800,925200,,1623690000,115460000,1508230000,
3792.2,-463200,-11120906200,6258015000,17378921200,23710291200,96595294.1,205230551,6.2,8317.6,29.4,0,300,-26900,-673830000,25.05,"2022-12-26T14:22:00.000Z",1672064520000,25.1,25.05,25.05,1.1,98.9,0,0.1,3.3,,90.7,27200,27500,952700,,688890000,7530000,681360000,
3792.2,-551400,-13330316200,6260520000,19590836200,25924711200,96595294.1,205230551,20.3,8317.6,29.4,0,100,-88200,-2209410000,25.05,"2022-12-26T14:24:00.000Z",1672064640000,25.05,25.05,25.05,0.1,99.9,0,0,10.6,,883,88300,88400,1041100,,2214420000,2505000,2211915000,
3792.2,-533400,-12879416200,7272540000,20151956200,27497851200,96595294.1,205230551,4.2,8317.6,29.4,1.8,40400,18000,450900000,25.05,"2022-12-26T14:26:00.000Z",1672064760000,25.05,25.05,25.05,64.3,35.7,0,10.7,2.7,,0.6,22400,62800,1103900,,1573140000,1012020000,561120000,
3792.2,-557300,-13478081200,7455435000,20933516200,28464811200,96595294.1,205230551,5.5,8317.6,29.4,0.2,7300,-23900,-598665000,25.05,"2022-12-26T14:28:00.000Z",1672064880000,25.1,25.05,25.05,18.9,80.8,0.3,1.9,3.8,3.4,4.3,31200,38600,1142500,100,966960000,182895000,781560000,2505000
3792.2,-461600,-11080796200,9852720000,20933516200,30862096200,96595294.1,205230551,22.1,8317.6,29.4,Infinity,95700,95700,2397285000,25.05,"2022-12-26T14:44:00.000Z",1672065840000,25.05,25.05,25.05,100,0,0,25.2,,,0,,95700,1238200,,2397285000,2397285000,,
